0 3 0 19 373 237
1 3 0 38 374 238
2 3 0 57 375 239
3 3 0 76 376 240
4 3 0 241 377 7
5 3 0 242 378 26
6 3 0 243 379 45
7 3 0 244 380 64
8 3 0 8 241 7
9 3 0 27 242 26
10 3 0 46 243 45
11 3 0 65 244 64
12 3 0 19 237 18
13 3 0 38 238 37
14 3 0 57 239 56
15 3 0 76 240 75
16 3 0 8 289 241
17 3 0 27 290 242
18 3 0 46 291 243
19 3 0 65 292 244
20 3 0 321 361 89
21 3 0 322 362 90
22 3 0 323 363 91
23 3 0 324 364 92
24 3 0 209 449 85
25 3 0 210 450 86
26 3 0 211 451 87
27 3 0 212 452 88
28 3 0 277 337 97
29 3 0 278 338 98
30 3 0 279 339 99
31 3 0 280 340 100
32 3 0 117 425 218
33 3 0 118 426 219
34 3 0 119 427 220
35 3 0 120 428 217
36 3 0 229 309 169
37 3 0 230 310 170
38 3 0 231 311 171
39 3 0 232 312 172
40 3 0 145 317 226
41 3 0 146 318 227
42 3 0 147 319 228
43 3 0 148 320 225
44 3 0 89 361 293
45 3 0 90 362 294
46 3 0 91 363 295
47 3 0 92 364 296
48 3 0 408 449 209
49 3 0 405 450 210
50 3 0 406 451 211
51 3 0 407 452 212
52 3 0 165 337 277
53 3 0 166 338 278
54 3 0 167 339 279
55 3 0 168 340 280
56 3 0 241 289 113
57 3 0 242 290 114
58 3 0 243 291 115
59 3 0 244 292 116
60 3 0 217 428 321
61 3 0 218 425 322
62 3 0 219 426 323
63 3 0 220 427 324
64 3 0 289 381 113
65 3 0 290 382 114
66 3 0 291 383 115
67 3 0 292 384 116
68 3 0 197 316 141
69 3 0 198 313 142
70 3 0 199 314 143
71 3 0 200 315 144
72 3 0 141 469 197
73 3 0 142 470 198
74 3 0 143 471 199
75 3 0 144 472 200
76 3 0 273 302 149
77 3 0 274 303 150
78 3 0 275 304 151
79 3 0 276 301 152
80 3 0 11 329 229
81 3 0 30 330 230
82 3 0 49 331 231
83 3 0 68 332 232
84 3 0 97 337 253
85 3 0 98 338 254
86 3 0 99 339 255
87 3 0 100 340 256
88 3 0 133 329 205
89 3 0 134 330 206
90 3 0 135 331 207
91 3 0 136 332 208
92 3 0 320 504 225
93 3 0 317 501 226
94 3 0 318 502 227
95 3 0 319 503 228
96 3 0 9 289 8
97 3 0 28 290 27
98 3 0 47 291 46
99 3 0 66 292 65
100 3 0 6 265 5
101 3 0 25 266 24
102 3 0 44 267 43
103 3 0 63 268 62
104 3 0 21 269 20
105 3 0 40 270 39
106 3 0 59 271 58
107 3 0 78 272 77
108 3 0 413 417 133
109 3 0 414 418 134
110 3 0 415 419 135
111 3 0 416 420 136
112 3 0 133 417 309
113 3 0 134 418 310
114 3 0 135 419 311
115 3 0 136 420 312
116 3 0 257 261 161
117 3 0 258 262 162
118 3 0 259 263 163
119 3 0 260 264 164
120 3 0 237 373 153
121 3 0 238 374 154
122 3 0 239 375 155
123 3 0 240 376 156
124 3 0 157 377 241
125 3 0 158 378 242
126 3 0 159 379 243
127 3 0 160 380 244
128 3 0 121 261 257
129 3 0 122 262 258
130 3 0 123 263 259
131 3 0 124 264 260
132 3 0 493 546 201
133 3 0 496 545 202
134 3 0 494 547 203
135 3 0 495 548 204
136 3 0 202 317 145
137 3 0 201 318 146
138 3 0 203 319 147
139 3 0 204 320 148
140 3 0 81 429 273
141 3 0 82 430 274
142 3 0 83 431 275
143 3 0 84 432 276
144 3 0 288 316 197
145 3 0 285 313 198
146 3 0 286 314 199
147 3 0 287 315 200
148 3 0 205 333 133
149 3 0 206 334 134
150 3 0 207 335 135
151 3 0 208 336 136
152 3 0 218 509 117
153 3 0 219 510 118
154 3 0 220 511 119
155 3 0 217 512 120
156 3 0 353 429 81
157 3 0 354 430 82
158 3 0 355 431 83
159 3 0 356 432 84
160 3 0 201 546 318
161 3 0 202 545 317
162 3 0 203 547 319
163 3 0 204 548 320
164 3 0 89 305 217
165 3 0 90 306 218
166 3 0 91 307 219
167 3 0 92 308 220
168 3 0 265 445 5
169 3 0 266 446 24
170 3 0 267 447 43
171 3 0 268 448 62
172 3 0 21 441 269
173 3 0 40 442 270
174 3 0 59 443 271
175 3 0 78 444 272
176 3 0 369 372 202
177 3 0 201 370 369
178 3 0 203 371 370
179 3 0 204 372 371
180 3 0 197 537 288
181 3 0 198 538 285
182 3 0 199 539 286
183 3 0 200 540 287
184 3 0 369 370 80
185 3 0 370 371 80
186 3 0 371 372 80
187 3 0 80 372 369
188 3 0 145 369 202
189 3 0 146 370 201
190 3 0 147 371 203
191 3 0 148 372 204
192 3 0 302 433 149
193 3 0 303 434 150
194 3 0 304 435 151
195 3 0 301 436 152
196 3 0 453 521 213
197 3 0 454 522 214
198 3 0 455 523 215
199 3 0 456 524 216
200 3 0 309 453 169
201 3 0 310 454 170
202 3 0 311 455 171
203 3 0 312 456 172
204 3 0 169 381 289
205 3 0 170 382 290
206 3 0 171 383 291
207 3 0 172 384 292
208 3 0 113 365 241
209 3 0 114 366 242
210 3 0 115 367 243
211 3 0 116 368 244
212 3 0 241 365 157
213 3 0 242 366 158
214 3 0 243 367 159
215 3 0 244 368 160
216 3 0 137 305 245
217 3 0 138 306 246
218 3 0 139 307 247
219 3 0 140 308 248
220 3 0 245 305 89
221 3 0 246 306 90
222 3 0 247 307 91
223 3 0 248 308 92
224 3 0 337 421 253
225 3 0 338 422 254
226 3 0 339 423 255
227 3 0 340 424 256
228 3 0 233 445 129
229 3 0 234 446 130
230 3 0 235 447 131
231 3 0 236 448 132
232 3 0 129 444 233
233 3 0 130 441 234
234 3 0 131 442 235
235 3 0 132 443 236
236 3 0 133 309 229
237 3 0 134 310 230
238 3 0 135 311 231
239 3 0 136 312 232
240 3 0 101 521 453
241 3 0 102 522 454
242 3 0 103 523 455
243 3 0 104 524 456
244 3 0 149 325 221
245 3 0 150 326 222
246 3 0 151 327 223
247 3 0 152 328 224
248 3 0 12 329 11
249 3 0 31 330 30
250 3 0 50 331 49
251 3 0 69 332 68
252 3 0 4 445 233
253 3 0 23 446 234
254 3 0 42 447 235
255 3 0 61 448 236
256 3 0 234 441 22
257 3 0 235 442 41
258 3 0 236 443 60
259 3 0 233 444 79
260 3 0 14 409 249
261 3 0 33 410 250
262 3 0 52 411 251
263 3 0 71 412 252
264 3 0 210 333 109
265 3 0 211 334 110
266 3 0 212 335 111
267 3 0 209 336 112
268 3 0 217 321 89
269 3 0 218 322 90
270 3 0 219 323 91
271 3 0 220 324 92
272 3 0 337 349 181
273 3 0 338 350 182
274 3 0 339 351 183
275 3 0 340 352 184
276 3 0 165 349 337
277 3 0 166 350 338
278 3 0 167 351 339
279 3 0 168 352 340
280 3 0 297 549 521
281 3 0 298 550 522
282 3 0 299 551 523
283 3 0 300 552 524
284 3 0 272 444 129
285 3 0 269 441 130
286 3 0 270 442 131
287 3 0 271 443 132
288 3 0 129 445 265
289 3 0 130 446 266
290 3 0 131 447 267
291 3 0 132 448 268
292 3 0 297 521 101
293 3 0 298 522 102
294 3 0 299 523 103
295 3 0 300 524 104
296 3 0 85 457 209
297 3 0 86 458 210
298 3 0 87 459 211
299 3 0 88 460 212
300 3 0 141 512 217
301 3 0 142 509 218
302 3 0 143 510 219
303 3 0 144 511 220
304 3 0 288 537 121
305 3 0 285 538 122
306 3 0 286 539 123
307 3 0 287 540 124
308 3 0 97 313 285
309 3 0 98 314 286
310 3 0 99 315 287
311 3 0 100 316 288
312 3 0 217 497 141
313 3 0 218 498 142
314 3 0 219 499 143
315 3 0 220 500 144
316 3 0 237 345 18
317 3 0 238 346 37
318 3 0 239 347 56
319 3 0 240 348 75
320 3 0 229 329 133
321 3 0 230 330 134
322 3 0 231 331 135
323 3 0 232 332 136
324 3 0 261 385 161
325 3 0 262 386 162
326 3 0 263 387 163
327 3 0 264 388 164
328 3 0 185 545 496
329 3 0 186 546 493
330 3 0 187 547 494
331 3 0 188 548 495
332 3 0 125 302 273
333 3 0 126 303 274
334 3 0 127 304 275
335 3 0 128 301 276
336 3 0 93 385 261
337 3 0 94 386 262
338 3 0 95 387 263
339 3 0 96 388 264
340 3 0 16 349 15
341 3 0 35 350 34
342 3 0 54 351 53
343 3 0 73 352 72
344 3 0 281 497 137
345 3 0 282 498 138
346 3 0 283 499 139
347 3 0 284 500 140
348 3 0 22 530 234
349 3 0 41 531 235
350 3 0 60 532 236
351 3 0 79 529 233
352 3 0 233 529 4
353 3 0 234 530 23
354 3 0 235 531 42
355 3 0 236 532 61
356 3 0 129 361 272
357 3 0 130 362 269
358 3 0 131 363 270
359 3 0 132 364 271
360 3 0 269 362 153
361 3 0 270 363 154
362 3 0 271 364 155
363 3 0 272 361 156
364 3 0 93 501 317
365 3 0 94 502 318
366 3 0 95 503 319
367 3 0 96 504 320
368 3 0 109 405 210
369 3 0 110 406 211
370 3 0 111 407 212
371 3 0 112 408 209
372 3 0 221 465 149
373 3 0 222 466 150
374 3 0 223 467 151
375 3 0 224 468 152
376 3 0 245 513 137
377 3 0 246 514 138
378 3 0 247 515 139
379 3 0 248 516 140
380 3 0 513 517 137
381 3 0 514 518 138
382 3 0 515 519 139
383 3 0 516 520 140
384 3 0 137 497 305
385 3 0 138 498 306
386 3 0 139 499 307
387 3 0 140 500 308
388 3 0 137 353 281
389 3 0 138 354 282
390 3 0 139 355 283
391 3 0 140 356 284
392 3 0 105 357 225
393 3 0 106 358 226
394 3 0 107 359 227
395 3 0 108 360 228
396 3 0 226 358 145
397 3 0 227 359 146
398 3 0 228 360 147
399 3 0 225 357 148
400 3 0 169 525 229
401 3 0 170 526 230
402 3 0 171 527 231
403 3 0 172 528 232
404 3 0 141 316 256
405 3 0 142 313 253
406 3 0 143 314 254
407 3 0 144 315 255
408 3 0 253 313 97
409 3 0 254 314 98
410 3 0 255 315 99
411 3 0 256 316 100
412 3 0 381 453 213
413 3 0 382 454 214
414 3 0 383 455 215
415 3 0 384 456 216
416 3 0 226 501 149
417 3 0 227 502 150
418 3 0 228 503 151
419 3 0 225 504 152
420 3 0 15 409 14
421 3 0 34 410 33
422 3 0 53 411 52
423 3 0 72 412 71
424 3 0 5 445 4
425 3 0 24 446 23
426 3 0 43 447 42
427 3 0 62 448 61
428 3 0 22 441 21
429 3 0 41 442 40
430 3 0 60 443 59
431 3 0 79 444 78
432 3 0 256 512 141
433 3 0 253 509 142
434 3 0 254 510 143
435 3 0 255 511 144
436 3 0 149 433 226
437 3 0 150 434 227
438 3 0 151 435 228
439 3 0 152 436 225
440 3 0 349 409 15
441 3 0 350 410 34
442 3 0 351 411 53
443 3 0 352 412 72
444 3 0 225 436 105
445 3 0 226 433 106
446 3 0 227 434 107
447 3 0 228 435 108
448 3 0 229 525 11
449 3 0 230 526 30
450 3 0 231 527 49
451 3 0 232 528 68
452 3 0 297 342 125
453 3 0 298 343 126
454 3 0 299 344 127
455 3 0 300 341 128
456 3 0 257 393 85
457 3 0 258 394 86
458 3 0 259 395 87
459 3 0 260 396 88
460 3 0 161 393 257
461 3 0 162 394 258
462 3 0 163 395 259
463 3 0 164 396 260
464 3 0 261 325 93
465 3 0 262 326 94
466 3 0 263 327 95
467 3 0 264 328 96
468 3 0 277 405 109
469 3 0 278 406 110
470 3 0 279 407 111
471 3 0 280 408 112
472 3 0 177 408 280
473 3 0 178 405 277
474 3 0 179 406 278
475 3 0 180 407 279
476 3 0 281 469 141
477 3 0 282 470 142
478 3 0 283 471 143
479 3 0 284 472 144
480 3 0 209 457 416
481 3 0 210 458 413
482 3 0 211 459 414
483 3 0 212 460 415
484 3 0 213 517 513
485 3 0 214 518 514
486 3 0 215 519 515
487 3 0 216 520 516
488 3 0 117 565 237
489 3 0 118 566 238
490 3 0 119 567 239
491 3 0 120 568 240
492 3 0 416 457 173
493 3 0 413 458 174
494 3 0 414 459 175
495 3 0 415 460 176
496 3 0 97 477 277
497 3 0 98 478 278
498 3 0 99 479 279
499 3 0 100 480 280
500 3 0 113 513 365
501 3 0 114 514 366
502 3 0 115 515 367
503 3 0 116 516 368
504 3 0 365 513 245
505 3 0 366 514 246
506 3 0 367 515 247
507 3 0 368 516 248
508 3 0 153 425 237
509 3 0 154 426 238
510 3 0 155 427 239
511 3 0 156 428 240
512 3 0 237 425 117
513 3 0 238 426 118
514 3 0 239 427 119
515 3 0 240 428 120
516 3 0 89 489 245
517 3 0 90 490 246
518 3 0 91 491 247
519 3 0 92 492 248
520 3 0 265 541 129
521 3 0 266 542 130
522 3 0 267 543 131
523 3 0 268 544 132
524 3 0 137 517 353
525 3 0 138 518 354
526 3 0 139 519 355
527 3 0 140 520 356
528 3 0 18 345 17
529 3 0 37 346 36
530 3 0 56 347 55
531 3 0 75 348 74
532 3 0 249 437 14
533 3 0 250 438 33
534 3 0 251 439 52
535 3 0 252 440 71
536 3 0 357 389 185
537 3 0 358 390 186
538 3 0 359 391 187
539 3 0 360 392 188
540 3 0 153 362 322
541 3 0 154 363 323
542 3 0 155 364 324
543 3 0 156 361 321
544 3 0 6 377 265
545 3 0 25 378 266
546 3 0 44 379 267
547 3 0 63 380 268
548 3 0 269 373 20
549 3 0 270 374 39
550 3 0 271 375 58
551 3 0 272 376 77
552 3 0 153 373 269
553 3 0 154 374 270
554 3 0 155 375 271
555 3 0 156 376 272
556 3 0 265 377 157
557 3 0 266 378 158
558 3 0 267 379 159
559 3 0 268 380 160
560 3 0 105 389 357
561 3 0 106 390 358
562 3 0 107 391 359
563 3 0 108 392 360
564 3 0 173 341 300
565 3 0 174 342 297
566 3 0 175 343 298
567 3 0 176 344 299
568 3 0 281 353 81
569 3 0 282 354 82
570 3 0 283 355 83
571 3 0 284 356 84
572 3 0 157 489 293
573 3 0 158 490 294
574 3 0 159 491 295
575 3 0 160 492 296
576 3 0 305 497 217
577 3 0 306 498 218
578 3 0 307 499 219
579 3 0 308 500 220
580 3 0 165 461 409
581 3 0 166 462 410
582 3 0 167 463 411
583 3 0 168 464 412
584 3 0 409 461 249
585 3 0 410 462 250
586 3 0 411 463 251
587 3 0 412 464 252
588 3 0 257 401 121
589 3 0 258 402 122
590 3 0 259 403 123
591 3 0 260 404 124
592 3 0 157 541 265
593 3 0 158 542 266
594 3 0 159 543 267
595 3 0 160 544 268
596 3 0 85 449 257
597 3 0 86 450 258
598 3 0 87 451 259
599 3 0 88 452 260
600 3 0 121 481 261
601 3 0 122 482 262
602 3 0 123 483 263
603 3 0 124 484 264
604 3 0 329 485 205
605 3 0 330 486 206
606 3 0 331 487 207
607 3 0 332 488 208
608 3 0 521 549 189
609 3 0 522 550 190
610 3 0 523 551 191
611 3 0 524 552 192
612 3 0 177 449 408
613 3 0 178 450 405
614 3 0 179 451 406
615 3 0 180 452 407
616 3 0 101 417 297
617 3 0 102 418 298
618 3 0 103 419 299
619 3 0 104 420 300
620 3 0 300 420 173
621 3 0 297 417 174
622 3 0 298 418 175
623 3 0 299 419 176
624 3 0 273 465 81
625 3 0 274 466 82
626 3 0 275 467 83
627 3 0 276 468 84
628 3 0 293 361 129
629 3 0 294 362 130
630 3 0 295 363 131
631 3 0 296 364 132
632 3 0 121 401 288
633 3 0 122 402 285
634 3 0 123 403 286
635 3 0 124 404 287
636 3 0 288 401 177
637 3 0 285 402 178
638 3 0 286 403 179
639 3 0 287 404 180
640 3 0 273 429 125
641 3 0 274 430 126
642 3 0 275 431 127
643 3 0 276 432 128
644 3 0 342 561 125
645 3 0 343 562 126
646 3 0 344 563 127
647 3 0 341 564 128
648 3 0 9 397 289
649 3 0 28 398 290
650 3 0 47 399 291
651 3 0 66 400 292
652 3 0 149 465 273
653 3 0 150 466 274
654 3 0 151 467 275
655 3 0 152 468 276
656 3 0 109 461 277
657 3 0 110 462 278
658 3 0 111 463 279
659 3 0 112 464 280
660 3 0 277 461 165
661 3 0 278 462 166
662 3 0 279 463 167
663 3 0 280 464 168
664 3 0 280 480 177
665 3 0 277 477 178
666 3 0 278 478 179
667 3 0 279 479 180
668 3 0 369 493 201
669 3 0 372 496 202
670 3 0 370 494 203
671 3 0 371 495 204
672 3 0 141 497 281
673 3 0 142 498 282
674 3 0 143 499 283
675 3 0 144 500 284
676 3 0 173 457 341
677 3 0 174 458 342
678 3 0 175 459 343
679 3 0 176 460 344
680 3 0 177 480 288
681 3 0 178 477 285
682 3 0 179 478 286
683 3 0 180 479 287
684 3 0 285 477 97
685 3 0 286 478 98
686 3 0 287 479 99
687 3 0 288 480 100
688 3 0 289 397 169
689 3 0 290 398 170
690 3 0 291 399 171
691 3 0 292 400 172
692 3 0 81 469 281
693 3 0 82 470 282
694 3 0 83 471 283
695 3 0 84 472 284
696 3 0 333 569 109
697 3 0 334 570 110
698 3 0 335 571 111
699 3 0 336 572 112
700 3 0 381 513 113
701 3 0 382 514 114
702 3 0 383 515 115
703 3 0 384 516 116
704 3 0 213 513 381
705 3 0 214 514 382
706 3 0 215 515 383
707 3 0 216 516 384
708 3 0 145 493 369
709 3 0 146 494 370
710 3 0 147 495 371
711 3 0 148 496 372
712 3 0 365 489 157
713 3 0 366 490 158
714 3 0 367 491 159
715 3 0 368 492 160
716 3 0 293 541 157
717 3 0 294 542 158
718 3 0 295 543 159
719 3 0 296 544 160
720 3 0 117 509 421
721 3 0 118 510 422
722 3 0 119 511 423
723 3 0 120 512 424
724 3 0 421 509 253
725 3 0 422 510 254
726 3 0 423 511 255
727 3 0 424 512 256
728 3 0 205 569 333
729 3 0 206 570 334
730 3 0 207 571 335
731 3 0 208 572 336
732 3 0 353 517 189
733 3 0 354 518 190
734 3 0 355 519 191
735 3 0 356 520 192
736 3 0 149 501 325
737 3 0 150 502 326
738 3 0 151 503 327
739 3 0 152 504 328
740 3 0 105 436 301
741 3 0 106 433 302
742 3 0 107 434 303
743 3 0 108 435 304
744 3 0 20 373 19
745 3 0 39 374 38
746 3 0 58 375 57
747 3 0 77 376 76
748 3 0 7 377 6
749 3 0 26 378 25
750 3 0 45 379 44
751 3 0 64 380 63
752 3 0 209 416 336
753 3 0 210 413 333
754 3 0 211 414 334
755 3 0 212 415 335
756 3 0 181 421 337
757 3 0 182 422 338
758 3 0 183 423 339
759 3 0 184 424 340
760 3 0 397 525 169
761 3 0 398 526 170
762 3 0 399 527 171
763 3 0 400 528 172
764 3 0 10 397 9
765 3 0 29 398 28
766 3 0 48 399 47
767 3 0 67 400 66
768 3 0 11 525 10
769 3 0 30 526 29
770 3 0 49 527 48
771 3 0 68 528 67
772 3 0 101 453 309
773 3 0 102 454 310
774 3 0 103 455 311
775 3 0 104 456 312
776 3 0 129 541 293
777 3 0 130 542 294
778 3 0 131 543 295
779 3 0 132 544 296
780 3 0 325 481 221
781 3 0 326 482 222
782 3 0 327 483 223
783 3 0 328 484 224
784 3 0 293 489 89
785 3 0 294 490 90
786 3 0 295 491 91
787 3 0 296 492 92
788 3 0 173 420 416
789 3 0 174 417 413
790 3 0 175 418 414
791 3 0 176 419 415
792 3 0 309 417 101
793 3 0 310 418 102
794 3 0 311 419 103
795 3 0 312 420 104
796 3 0 125 549 297
797 3 0 126 550 298
798 3 0 127 551 299
799 3 0 128 552 300
800 3 0 465 553 81
801 3 0 466 554 82
802 3 0 467 555 83
803 3 0 468 556 84
804 3 0 237 565 345
805 3 0 238 566 346
806 3 0 239 567 347
807 3 0 240 568 348
808 3 0 14 437 13
809 3 0 33 438 32
810 3 0 52 439 51
811 3 0 71 440 70
812 3 0 125 561 302
813 3 0 126 562 303
814 3 0 127 563 304
815 3 0 128 564 301
816 3 0 301 557 105
817 3 0 302 558 106
818 3 0 303 559 107
819 3 0 304 560 108
820 3 0 457 533 341
821 3 0 458 534 342
822 3 0 459 535 343
823 3 0 460 536 344
824 3 0 105 505 389
825 3 0 106 506 390
826 3 0 107 507 391
827 3 0 108 508 392
828 3 0 193 564 341
829 3 0 194 561 342
830 3 0 195 562 343
831 3 0 196 563 344
832 3 0 189 429 353
833 3 0 190 430 354
834 3 0 191 431 355
835 3 0 192 432 356
836 3 0 0 529 79
837 3 0 1 530 22
838 3 0 2 531 41
839 3 0 3 532 60
840 3 0 4 529 0
841 3 0 23 530 1
842 3 0 42 531 2
843 3 0 61 532 3
844 3 0 165 409 349
845 3 0 166 410 350
846 3 0 167 411 351
847 3 0 168 412 352
848 3 0 181 473 345
849 3 0 182 474 346
850 3 0 183 475 347
851 3 0 184 476 348
852 3 0 345 473 17
853 3 0 346 474 36
854 3 0 347 475 55
855 3 0 348 476 74
856 3 0 322 425 153
857 3 0 323 426 154
858 3 0 324 427 155
859 3 0 321 428 156
860 3 0 105 557 505
861 3 0 106 558 506
862 3 0 107 559 507
863 3 0 108 560 508
864 3 0 333 413 133
865 3 0 334 414 134
866 3 0 335 415 135
867 3 0 336 416 136
868 3 0 221 553 465
869 3 0 222 554 466
870 3 0 223 555 467
871 3 0 224 556 468
872 3 0 245 489 365
873 3 0 246 490 366
874 3 0 247 491 367
875 3 0 248 492 368
876 3 0 17 473 16
877 3 0 36 474 35
878 3 0 55 475 54
879 3 0 74 476 73
880 3 0 185 389 385
881 3 0 186 390 386
882 3 0 187 391 387
883 3 0 188 392 388
884 3 0 13 485 12
885 3 0 32 486 31
886 3 0 51 487 50
887 3 0 70 488 69
888 3 0 385 389 161
889 3 0 386 390 162
890 3 0 387 391 163
891 3 0 388 392 164
892 3 0 358 493 145
893 3 0 359 494 146
894 3 0 360 495 147
895 3 0 357 496 148
896 3 0 185 496 357
897 3 0 186 493 358
898 3 0 187 494 359
899 3 0 188 495 360
900 3 0 12 485 329
901 3 0 31 486 330
902 3 0 50 487 331
903 3 0 69 488 332
904 3 0 261 481 325
905 3 0 262 482 326
906 3 0 263 483 327
907 3 0 264 484 328
908 3 0 325 501 93
909 3 0 326 502 94
910 3 0 327 503 95
911 3 0 328 504 96
912 3 0 109 569 461
913 3 0 110 570 462
914 3 0 111 571 463
915 3 0 112 572 464
916 3 0 317 545 93
917 3 0 318 546 94
918 3 0 319 547 95
919 3 0 320 548 96
920 3 0 345 565 181
921 3 0 346 566 182
922 3 0 347 567 183
923 3 0 348 568 184
924 3 0 205 485 437
925 3 0 206 486 438
926 3 0 207 487 439
927 3 0 208 488 440
928 3 0 437 485 13
929 3 0 438 486 32
930 3 0 439 487 51
931 3 0 440 488 70
932 3 0 461 569 249
933 3 0 462 570 250
934 3 0 463 571 251
935 3 0 464 572 252
936 3 0 341 533 193
937 3 0 342 534 194
938 3 0 343 535 195
939 3 0 344 536 196
940 3 0 16 473 349
941 3 0 35 474 350
942 3 0 54 475 351
943 3 0 73 476 352
944 3 0 349 473 181
945 3 0 350 474 182
946 3 0 351 475 183
947 3 0 352 476 184
948 3 0 257 449 401
949 3 0 258 450 402
950 3 0 259 451 403
951 3 0 260 452 404
952 3 0 169 453 381
953 3 0 170 454 382
954 3 0 171 455 383
955 3 0 172 456 384
956 3 0 401 449 177
957 3 0 402 450 178
958 3 0 403 451 179
959 3 0 404 452 180
960 3 0 389 505 161
961 3 0 390 506 162
962 3 0 391 507 163
963 3 0 392 508 164
964 3 0 481 537 221
965 3 0 482 538 222
966 3 0 483 539 223
967 3 0 484 540 224
968 3 0 121 537 481
969 3 0 122 538 482
970 3 0 123 539 483
971 3 0 124 540 484
972 3 0 437 569 205
973 3 0 438 570 206
974 3 0 439 571 207
975 3 0 440 572 208
976 3 0 249 569 437
977 3 0 250 570 438
978 3 0 251 571 439
979 3 0 252 572 440
980 3 0 161 505 393
981 3 0 162 506 394
982 3 0 163 507 395
983 3 0 164 508 396
984 3 0 393 533 85
985 3 0 394 534 86
986 3 0 395 535 87
987 3 0 396 536 88
988 3 0 193 533 393
989 3 0 194 534 394
990 3 0 195 535 395
991 3 0 196 536 396
992 3 0 181 565 421
993 3 0 182 566 422
994 3 0 183 567 423
995 3 0 184 568 424
996 3 0 85 533 457
997 3 0 86 534 458
998 3 0 87 535 459
999 3 0 88 536 460
1000 3 0 393 505 193
1001 3 0 394 506 194
1002 3 0 395 507 195
1003 3 0 396 508 196
1004 3 0 93 545 385
1005 3 0 94 546 386
1006 3 0 95 547 387
1007 3 0 96 548 388
1008 3 0 10 525 397
1009 3 0 29 526 398
1010 3 0 48 527 399
1011 3 0 67 528 400
1012 3 0 385 545 185
1013 3 0 386 546 186
1014 3 0 387 547 187
1015 3 0 388 548 188
1016 3 0 429 549 125
1017 3 0 430 550 126
1018 3 0 431 551 127
1019 3 0 432 552 128
1020 3 0 189 549 429
1021 3 0 190 550 430
1022 3 0 191 551 431
1023 3 0 192 552 432
1024 3 0 421 565 117
1025 3 0 422 566 118
1026 3 0 423 567 119
1027 3 0 424 568 120
1028 3 0 505 557 193
1029 3 0 506 558 194
1030 3 0 507 559 195
1031 3 0 508 560 196
1032 3 0 213 521 517
1033 3 0 214 522 518
1034 3 0 215 523 519
1035 3 0 216 524 520
1036 3 0 517 521 189
1037 3 0 518 522 190
1038 3 0 519 523 191
1039 3 0 520 524 192
1040 3 0 81 553 469
1041 3 0 82 554 470
1042 3 0 83 555 471
1043 3 0 84 556 472
1044 3 0 469 553 197
1045 3 0 470 554 198
1046 3 0 471 555 199
1047 3 0 472 556 200
1048 3 0 537 553 221
1049 3 0 538 554 222
1050 3 0 539 555 223
1051 3 0 540 556 224
1052 3 0 197 553 537
1053 3 0 198 554 538
1054 3 0 199 555 539
1055 3 0 200 556 540
1056 3 0 557 564 193
1057 3 0 558 561 194
1058 3 0 559 562 195
1059 3 0 560 563 196
1060 3 0 301 564 557
1061 3 0 302 561 558
1062 3 0 303 562 559
1063 3 0 304 563 560
