0 -1.0000 -1.0000 0 0
1 1.0000 -1.0000 0 0
2 1.0000 1.0000 0 0
3 -1.0000 1.0000 0 0
4 -0.9000 -1.0000 0 0
5 -0.8000 -1.0000 0 0
6 -0.7000 -1.0000 0 0
7 -0.6000 -1.0000 0 0
8 -0.5000 -1.0000 0 0
9 -0.4000 -1.0000 0 0
10 -0.3000 -1.0000 0 0
11 -0.2000 -1.0000 0 0
12 -0.1000 -1.0000 0 0
13 0.0000 -1.0000 -1 0
14 0.1000 -1.0000 0 0
15 0.2000 -1.0000 0 0
16 0.3000 -1.0000 0 0
17 0.4000 -1.0000 0 0
18 0.5000 -1.0000 0 0
19 0.6000 -1.0000 0 0
20 0.7000 -1.0000 0 0
21 0.8000 -1.0000 0 0
22 0.9000 -1.0000 0 0
23 1.0000 -0.9000 0 0
24 1.0000 -0.8000 0 0
25 1.0000 -0.7000 0 0
26 1.0000 -0.6000 0 0
27 1.0000 -0.5000 0 0
28 1.0000 -0.4000 0 0
29 1.0000 -0.3000 0 0
30 1.0000 -0.2000 0 0
31 1.0000 -0.1000 0 0
32 1.0000 0.0000 0 -1
33 1.0000 0.1000 0 0
34 1.0000 0.2000 0 0
35 1.0000 0.3000 0 0
36 1.0000 0.4000 0 0
37 1.0000 0.5000 0 0
38 1.0000 0.6000 0 0
39 1.0000 0.7000 0 0
40 1.0000 0.8000 0 0
41 1.0000 0.9000 0 0
42 0.9000 1.0000 0 0
43 0.8000 1.0000 0 0
44 0.7000 1.0000 0 0
45 0.6000 1.0000 0 0
46 0.5000 1.0000 0 0
47 0.4000 1.0000 0 0
48 0.3000 1.0000 0 0
49 0.2000 1.0000 0 0
50 0.1000 1.0000 0 0
51 0.0000 1.0000 -1 0
52 -0.1000 1.0000 0 0
53 -0.2000 1.0000 0 0
54 -0.3000 1.0000 0 0
55 -0.4000 1.0000 0 0
56 -0.5000 1.0000 0 0
57 -0.6000 1.0000 0 0
58 -0.7000 1.0000 0 0
59 -0.8000 1.0000 0 0
60 -0.9000 1.0000 0 0
61 -1.0000 0.9000 0 0
62 -1.0000 0.8000 0 0
63 -1.0000 0.7000 0 0
64 -1.0000 0.6000 0 0
65 -1.0000 0.5000 0 0
66 -1.0000 0.4000 0 0
67 -1.0000 0.3000 0 0
68 -1.0000 0.2000 0 0
69 -1.0000 0.1000 0 0
70 -1.0000 0.0000 0 -1
71 -1.0000 -0.1000 0 0
72 -1.0000 -0.2000 0 0
73 -1.0000 -0.3000 0 0
74 -1.0000 -0.4000 0 0
75 -1.0000 -0.5000 0 0
76 -1.0000 -0.6000 0 0
77 -1.0000 -0.7000 0 0
78 -1.0000 -0.8000 0 0
79 -1.0000 -0.9000 0 0
80 0.0000 -0.0000 -1 0
81 -0.4059 -0.4249 0 0
82 0.4249 -0.4059 0 0
83 0.4059 0.4249 0 0
84 -0.4249 0.4059 0 0
85 -0.5606 0.0000 0 -1
86 0.0000 -0.5606 -1 0
87 0.5606 0.0000 0 -1
88 0.0000 0.5606 -1 0
89 -0.6580 -0.6580 0 0
90 0.6580 -0.6580 0 0
91 0.6580 0.6580 0 0
92 -0.6580 0.6580 0 0
93 -0.2890 -0.1323 0 0
94 0.1323 -0.2890 0 0
95 0.2890 0.1323 0 0
96 -0.1323 0.2890 0 0
97 0.2794 -0.6920 0 0
98 0.6920 0.2794 0 0
99 -0.2794 0.6920 0 0
100 -0.6920 -0.2794 0 0
101 -0.2684 -0.6953 0 0
102 0.6953 -0.2684 0 0
103 0.2684 0.6953 0 0
104 -0.6953 0.2684 0 0
105 -0.3323 0.1174 0 0
106 -0.1174 -0.3323 0 0
107 0.3323 -0.1174 0 0
108 0.1174 0.3323 0 0
109 0.0686 -0.7713 0 0
110 0.7713 0.0686 0 0
111 -0.0686 0.7713 0 0
112 -0.7713 -0.0686 0 0
113 -0.4773 -0.8084 0 0
114 0.8084 -0.4773 0 0
115 0.4773 0.8084 0 0
116 -0.8084 0.4773 0 0
117 0.4809 -0.7831 0 0
118 0.7831 0.4809 0 0
119 -0.4809 0.7831 0 0
120 -0.7831 -0.4809 0 0
121 -0.4866 -0.1916 0 0
122 0.1916 -0.4866 0 0
123 0.4866 0.1916 0 0
124 -0.1916 0.4866 0 0
125 -0.2323 -0.4971 0 0
126 0.4971 -0.2323 0 0
127 0.2323 0.4971 0 0
128 -0.4971 0.2323 0 0
129 -0.8017 -0.8038 0 0
130 0.8038 -0.8017 0 0
131 0.8017 0.8038 0 0
132 -0.8038 0.8017 0 0
133 -0.1282 -0.8058 0 0
134 0.8058 -0.1282 0 0
135 0.1282 0.8058 0 0
136 -0.8058 0.1282 0 0
137 -0.4797 -0.5926 0 0
138 0.5926 -0.4797 0 0
139 0.4797 0.5926 0 0
140 -0.5926 0.4797 0 0
141 -0.5989 -0.4393 0 0
142 0.4393 -0.5989 0 0
143 0.5989 0.4393 0 0
144 -0.4393 0.5989 0 0
145 -0.1030 -0.1497 0 0
146 0.1497 -0.1030 0 0
147 0.1030 0.1497 0 0
148 -0.1497 0.1030 0 0
149 -0.2836 -0.3037 0 0
150 0.3037 -0.2836 0 0
151 0.2836 0.3037 0 0
152 -0.3037 0.2836 0 0
153 0.6365 -0.8368 0 0
154 0.8368 0.6365 0 0
155 -0.6365 0.8368 0 0
156 -0.8368 -0.6365 0 0
157 -0.6500 -0.8265 0 0
158 0.8265 -0.6500 0 0
159 0.6500 0.8265 0 0
160 -0.8265 0.6500 0 0
161 -0.4050 -0.0325 0 0
162 0.0325 -0.4050 0 0
163 0.4050 0.0325 0 0
164 -0.0325 0.4050 0 0
165 0.2168 -0.8401 0 0
166 0.8401 0.2168 0 0
167 -0.2168 0.8401 0 0
168 -0.8401 -0.2168 0 0
169 -0.3110 -0.8508 0 0
170 0.8508 -0.3110 0 0
171 0.3110 0.8508 0 0
172 -0.8508 0.3110 0 0
173 -0.6431 0.1383 0 0
174 -0.1383 -0.6431 0 0
175 0.6431 -0.1383 0 0
176 0.1383 0.6431 0 0
177 -0.6359 -0.1352 0 0
178 0.1352 -0.6359 0 0
179 0.6359 0.1352 0 0
180 -0.1352 0.6359 0 0
181 0.3646 -0.8629 0 0
182 0.8629 0.3646 0 0
183 -0.3646 0.8629 0 0
184 -0.8629 -0.3646 0 0
185 -0.2654 0.0060 0 0
186 -0.0060 -0.2654 0 0
187 0.2654 -0.0060 0 0
188 0.0060 0.2654 0 0
189 -0.3492 -0.5633 0 0
190 0.5633 -0.3492 0 0
191 0.3492 0.5633 0 0
192 -0.5633 0.3492 0 0
193 -0.4715 0.0962 0 0
194 -0.0962 -0.4715 0 0
195 0.4715 -0.0962 0 0
196 0.0962 0.4715 0 0
197 -0.5380 -0.3420 0 0
198 0.3420 -0.5380 0 0
199 0.5380 0.3420 0 0
200 -0.3420 0.5380 0 0
201 0.0532 -0.1406 0 0
202 -0.1406 -0.0532 0 0
203 0.1406 0.0532 0 0
204 -0.0532 0.1406 0 0
205 -0.0266 -0.8702 0 0
206 0.8702 -0.0266 0 0
207 0.0266 0.8702 0 0
208 -0.8702 0.0266 0 0
209 -0.6800 0.0046 0 0
210 -0.0046 -0.6800 0 0
211 0.6800 -0.0046 0 0
212 0.0046 0.6800 0 0
213 -0.4017 -0.6870 0 0
214 0.6870 -0.4017 0 0
215 0.4017 0.6870 0 0
216 -0.6870 0.4017 0 0
217 -0.6754 -0.5371 0 0
218 0.5371 -0.6754 0 0
219 0.6754 0.5371 0 0
220 -0.5371 0.6754 0 0
221 -0.3835 -0.2855 0 0
222 0.2855 -0.3835 0 0
223 0.3835 0.2855 0 0
224 -0.2855 0.3835 0 0
225 -0.2364 0.1778 0 0
226 -0.1778 -0.2364 0 0
227 0.2364 -0.1778 0 0
228 0.1778 0.2364 0 0
229 -0.2090 -0.8785 0 0
230 0.8785 -0.2090 0 0
231 0.2090 0.8785 0 0
232 -0.8785 0.2090 0 0
233 -0.8831 -0.8831 0 0
234 0.8831 -0.8831 0 0
235 0.8831 0.8831 0 0
236 -0.8831 0.8831 0 0
237 0.5309 -0.8871 0 0
238 0.8871 0.5309 0 0
239 -0.5309 0.8871 0 0
240 -0.8871 -0.5309 0 0
241 -0.5529 -0.8903 0 0
242 0.8903 -0.5529 0 0
243 0.5529 0.8903 0 0
244 -0.8903 0.5529 0 0
245 -0.5657 -0.6749 0 0
246 0.6749 -0.5657 0 0
247 0.5657 0.6749 0 0
248 -0.6749 0.5657 0 0
249 0.1061 -0.8964 0 0
250 0.8964 0.1061 0 0
251 -0.1061 0.8964 0 0
252 -0.8964 -0.1061 0 0
253 0.3775 -0.7002 0 0
254 0.7002 0.3775 0 0
255 -0.3775 0.7002 0 0
256 -0.7002 -0.3775 0 0
257 -0.4943 -0.0878 0 0
258 0.0878 -0.4943 0 0
259 0.4943 0.0878 0 0
260 -0.0878 0.4943 0 0
261 -0.3914 -0.1357 0 0
262 0.1357 -0.3914 0 0
263 0.3914 0.1357 0 0
264 -0.1357 0.3914 0 0
265 -0.7349 -0.8943 0 0
266 0.8943 -0.7349 0 0
267 0.7349 0.8943 0 0
268 -0.8943 0.7349 0 0
269 0.7302 -0.8953 0 0
270 0.8953 0.7302 0 0
271 -0.7302 0.8953 0 0
272 -0.8953 -0.7302 0 0
273 -0.2976 -0.4112 0 0
274 0.4112 -0.2976 0 0
275 0.2976 0.4112 0 0
276 -0.4112 0.2976 0 0
277 0.1752 -0.7383 0 0
278 0.7383 0.1752 0 0
279 -0.1752 0.7383 0 0
280 -0.7383 -0.1752 0 0
281 -0.4953 -0.4823 0 0
282 0.4823 -0.4953 0 0
283 0.4953 0.4823 0 0
284 -0.4823 0.4953 0 0
285 0.2395 -0.5859 0 0
286 0.5859 0.2395 0 0
287 -0.2395 0.5859 0 0
288 -0.5859 -0.2395 0 0
289 -0.4248 -0.8939 0 0
290 0.8939 -0.4248 0 0
291 0.4248 0.8939 0 0
292 -0.8939 0.4248 0 0
293 -0.7035 -0.7541 0 0
294 0.7541 -0.7035 0 0
295 0.7035 0.7541 0 0
296 -0.7541 0.7035 0 0
297 -0.2270 -0.6130 0 0
298 0.6130 -0.2270 0 0
299 0.2270 0.6130 0 0
300 -0.6130 0.2270 0 0
301 -0.3951 0.2011 0 0
302 -0.2011 -0.3951 0 0
303 0.3951 -0.2011 0 0
304 0.2011 0.3951 0 0
305 -0.5896 -0.5947 0 0
306 0.5947 -0.5896 0 0
307 0.5896 0.5947 0 0
308 -0.5947 0.5896 0 0
309 -0.2371 -0.7825 0 0
310 0.7825 -0.2371 0 0
311 0.2371 0.7825 0 0
312 -0.7825 0.2371 0 0
313 0.3356 -0.6230 0 0
314 0.6230 0.3356 0 0
315 -0.3356 0.6230 0 0
316 -0.6230 -0.3356 0 0
317 -0.2026 -0.1410 0 0
318 0.1410 -0.2026 0 0
319 0.2026 0.1410 0 0
320 -0.1410 0.2026 0 0
321 -0.7523 -0.6198 0 0
322 0.6198 -0.7523 0 0
323 0.7523 0.6198 0 0
324 -0.6198 0.7523 0 0
325 -0.3357 -0.2133 0 0
326 0.2133 -0.3357 0 0
327 0.3357 0.2133 0 0
328 -0.2133 0.3357 0 0
329 -0.1198 -0.9127 0 0
330 0.9127 -0.1198 0 0
331 0.1198 0.9127 0 0
332 -0.9127 0.1198 0 0
333 -0.0248 -0.7816 0 0
334 0.7816 -0.0248 0 0
335 0.0248 0.7816 0 0
336 -0.7816 0.0248 0 0
337 0.2979 -0.7878 0 0
338 0.7878 0.2979 0 0
339 -0.2979 0.7878 0 0
340 -0.7878 -0.2979 0 0
341 -0.5483 0.1412 0 0
342 -0.1412 -0.5483 0 0
343 0.5483 -0.1412 0 0
344 0.1412 0.5483 0 0
345 0.4310 -0.9220 0 0
346 0.9220 0.4310 0 0
347 -0.4310 0.9220 0 0
348 -0.9220 -0.4310 0 0
349 0.2737 -0.9069 0 0
350 0.9069 0.2737 0 0
351 -0.2737 0.9069 0 0
352 -0.9069 -0.2737 0 0
353 -0.4088 -0.5222 0 0
354 0.5222 -0.4088 0 0
355 0.4088 0.5222 0 0
356 -0.5222 0.4088 0 0
357 -0.2502 0.0772 0 0
358 -0.0772 -0.2502 0 0
359 0.2502 -0.0772 0 0
360 0.0772 0.2502 0 0
361 -0.7788 -0.7052 0 0
362 0.7052 -0.7788 0 0
363 0.7788 0.7052 0 0
364 -0.7052 0.7788 0 0
365 -0.5636 -0.7744 0 0
366 0.7744 -0.5636 0 0
367 0.5636 0.7744 0 0
368 -0.7744 0.5636 0 0
369 -0.0509 -0.0752 0 0
370 0.0752 -0.0509 0 0
371 0.0509 0.0752 0 0
372 -0.0752 0.0509 0 0
373 0.6500 -0.9255 0 0
374 0.9255 0.6500 0 0
375 -0.6500 0.9255 0 0
376 -0.9255 -0.6500 0 0
377 -0.6476 -0.9222 0 0
378 0.9222 -0.6476 0 0
379 0.6476 0.9222 0 0
380 -0.9222 0.6476 0 0
381 -0.3919 -0.7782 0 0
382 0.7782 -0.3919 0 0
383 0.3919 0.7782 0 0
384 -0.7782 0.3919 0 0
385 -0.3226 -0.0555 0 0
386 0.0555 -0.3226 0 0
387 0.3226 0.0555 0 0
388 -0.0555 0.3226 0 0
389 -0.3339 0.0286 0 0
390 -0.0286 -0.3339 0 0
391 0.3339 -0.0286 0 0
392 0.0286 0.3339 0 0
393 -0.4763 0.0139 0 0
394 -0.0139 -0.4763 0 0
395 0.4763 -0.0139 0 0
396 0.0139 0.4763 0 0
397 -0.3423 -0.9330 0 0
398 0.9330 -0.3423 0 0
399 0.3423 0.9330 0 0
400 -0.9330 0.3423 0 0
401 -0.5545 -0.1510 0 0
402 0.1510 -0.5545 0 0
403 0.5545 0.1510 0 0
404 -0.1510 0.5545 0 0
405 0.0794 -0.6881 0 0
406 0.6881 0.0794 0 0
407 -0.0794 0.6881 0 0
408 -0.6881 -0.0794 0 0
409 0.1863 -0.9177 0 0
410 0.9177 0.1863 0 0
411 -0.1863 0.9177 0 0
412 -0.9177 -0.1863 0 0
413 -0.0929 -0.7110 0 0
414 0.7110 -0.0929 0 0
415 0.0929 0.7110 0 0
416 -0.7110 0.0929 0 0
417 -0.1861 -0.7056 0 0
418 0.7056 -0.1861 0 0
419 0.1861 0.7056 0 0
420 -0.7056 0.1861 0 0
421 0.3988 -0.7849 0 0
422 0.7849 0.3988 0 0
423 -0.3988 0.7849 0 0
424 -0.7849 -0.3988 0 0
425 0.5587 -0.8005 0 0
426 0.8005 0.5587 0 0
427 -0.5587 0.8005 0 0
428 -0.8005 -0.5587 0 0
429 -0.3244 -0.4955 0 0
430 0.4955 -0.3244 0 0
431 0.3244 0.4955 0 0
432 -0.4955 0.3244 0 0
433 -0.2012 -0.3155 0 0
434 0.3155 -0.2012 0 0
435 0.2012 0.3155 0 0
436 -0.3155 0.2012 0 0
437 0.0302 -0.9254 0 0
438 0.9254 0.0302 0 0
439 -0.0302 0.9254 0 0
440 -0.9254 -0.0302 0 0
441 0.8111 -0.9199 0 0
442 0.9199 0.8111 0 0
443 -0.8111 0.9199 0 0
444 -0.9199 -0.8111 0 0
445 -0.8111 -0.9199 0 0
446 0.9199 -0.8111 0 0
447 0.8111 0.9199 0 0
448 -0.9199 0.8111 0 0
449 -0.6022 -0.0748 0 0
450 0.0748 -0.6022 0 0
451 0.6022 0.0748 0 0
452 -0.0748 0.6022 0 0
453 -0.3205 -0.7475 0 0
454 0.7475 -0.3205 0 0
455 0.3205 0.7475 0 0
456 -0.7475 0.3205 0 0
457 -0.6142 0.0690 0 0
458 -0.0690 -0.6142 0 0
459 0.6142 -0.0690 0 0
460 0.0690 0.6142 0 0
461 0.1403 -0.8182 0 0
462 0.8182 0.1403 0 0
463 -0.1403 0.8182 0 0
464 -0.8182 -0.1403 0 0
465 -0.3531 -0.3506 0 0
466 0.3506 -0.3531 0 0
467 0.3531 0.3506 0 0
468 -0.3506 0.3531 0 0
469 -0.4978 -0.4074 0 0
470 0.4074 -0.4978 0 0
471 0.4978 0.4074 0 0
472 -0.4074 0.4978 0 0
473 0.3505 -0.9398 0 0
474 0.9398 0.3505 0 0
475 -0.3505 0.9398 0 0
476 -0.9398 -0.3505 0 0
477 0.2059 -0.6672 0 0
478 0.6672 0.2059 0 0
479 -0.2059 0.6672 0 0
480 -0.6672 -0.2059 0 0
481 -0.4102 -0.2170 0 0
482 0.2170 -0.4102 0 0
483 0.4102 0.2170 0 0
484 -0.2170 0.4102 0 0
485 -0.0500 -0.9411 0 0
486 0.9411 -0.0500 0 0
487 0.0500 0.9411 0 0
488 -0.9411 0.0500 0 0
489 -0.6305 -0.7298 0 0
490 0.7298 -0.6305 0 0
491 0.6305 0.7298 0 0
492 -0.7298 0.6305 0 0
493 -0.0219 -0.1860 0 0
494 0.1860 -0.0219 0 0
495 0.0219 0.1860 0 0
496 -0.1860 0.0219 0 0
497 -0.5687 -0.5177 0 0
498 0.5177 -0.5687 0 0
499 0.5687 0.5177 0 0
500 -0.5177 0.5687 0 0
501 -0.2577 -0.2054 0 0
502 0.2054 -0.2577 0 0
503 0.2577 0.2054 0 0
504 -0.2054 0.2577 0 0
505 -0.4036 0.0588 0 0
506 -0.0588 -0.4036 0 0
507 0.4036 -0.0588 0 0
508 0.0588 0.4036 0 0
509 0.4577 -0.7081 0 0
510 0.7081 0.4577 0 0
511 -0.4577 0.7081 0 0
512 -0.7081 -0.4577 0 0
513 -0.4697 -0.7040 0 0
514 0.7040 -0.4697 0 0
515 0.4697 0.7040 0 0
516 -0.7040 0.4697 0 0
517 -0.4079 -0.6174 0 0
518 0.6174 -0.4079 0 0
519 0.4079 0.6174 0 0
520 -0.6174 0.4079 0 0
521 -0.3265 -0.6418 0 0
522 0.6418 -0.3265 0 0
523 0.3265 0.6418 0 0
524 -0.6418 0.3265 0 0
525 -0.2725 -0.9325 0 0
526 0.9325 -0.2725 0 0
527 0.2725 0.9325 0 0
528 -0.9325 0.2725 0 0
529 -0.9380 -0.9380 0 0
530 0.9380 -0.9380 0 0
531 0.9380 0.9380 0 0
532 -0.9380 0.9380 0 0
533 -0.5342 0.0654 0 0
534 -0.0654 -0.5342 0 0
535 0.5342 -0.0654 0 0
536 0.0654 0.5342 0 0
537 -0.4757 -0.2771 0 0
538 0.2771 -0.4757 0 0
539 0.4757 0.2771 0 0
540 -0.2771 0.4757 0 0
541 -0.7287 -0.8204 0 0
542 0.8204 -0.7287 0 0
543 0.7287 0.8204 0 0
544 -0.8204 0.7287 0 0
545 -0.2344 -0.0590 0 0
546 0.0590 -0.2344 0 0
547 0.2344 0.0590 0 0
548 -0.0590 0.2344 0 0
549 -0.2841 -0.5587 0 0
550 0.5587 -0.2841 0 0
551 0.2841 0.5587 0 0
552 -0.5587 0.2841 0 0
553 -0.4423 -0.3479 0 0
554 0.3479 -0.4423 0 0
555 0.4423 0.3479 0 0
556 -0.3479 0.4423 0 0
557 -0.4129 0.1287 0 0
558 -0.1287 -0.4129 0 0
559 0.4129 -0.1287 0 0
560 0.1287 0.4129 0 0
561 -0.1648 -0.4634 0 0
562 0.4634 -0.1648 0 0
563 0.1648 0.4634 0 0
564 -0.4634 0.1648 0 0
565 0.4412 -0.8480 0 0
566 0.8480 0.4412 0 0
567 -0.4412 0.8480 0 0
568 -0.8480 -0.4412 0 0
569 0.0490 -0.8438 0 0
570 0.8438 0.0490 0 0
571 -0.0490 0.8438 0 0
572 -0.8438 -0.0490 0 0
